#############################################################
# spectrum_name: 25Mo-Rh0.025
# anode: Mo
# filter_material: Rh
# filter_thickness_mm: 0.025
# kvp: 25
# energy_mean_keV: 16.61
# kerma_SP_uGy_per_mAs: 78.21
# kerma_MC_Gy_per_photon: 5.80969e-13
# notes: 
#############################################################

3.500000e-03	2.960449e-23
4.000000e-03	5.701611e-17
4.500000e-03	8.718401e-13
5.000000e-03	5.489413e-10
5.500000e-03	5.123325e-08
6.000000e-03	1.292238e-06
6.500000e-03	1.416586e-05
7.000000e-03	8.449798e-05
7.500000e-03	3.325114e-04
8.000000e-03	9.508846e-04
8.500000e-03	2.109076e-03
9.000000e-03	3.991782e-03
9.500000e-03	6.660856e-03
1.000000e-02	1.011421e-02
1.050000e-02	1.390137e-02
1.100000e-02	1.801516e-02
1.150000e-02	2.223082e-02
1.200000e-02	2.618951e-02
1.250000e-02	2.983898e-02
1.300000e-02	3.307618e-02
1.350000e-02	3.578432e-02
1.400000e-02	3.800108e-02
1.450000e-02	3.960669e-02
1.500000e-02	4.063364e-02
1.550000e-02	4.124714e-02
1.600000e-02	4.146851e-02
1.650000e-02	4.120569e-02
1.700000e-02	4.050166e-02
1.750000e-02	1.949659e-01
1.800000e-02	3.805220e-02
1.850000e-02	3.631814e-02
1.900000e-02	3.440600e-02
1.950000e-02	6.059483e-02
2.000000e-02	2.858804e-02
2.050000e-02	2.603193e-02
2.100000e-02	2.365299e-02
2.150000e-02	2.107528e-02
2.200000e-02	1.829811e-02
2.250000e-02	1.548096e-02
2.300000e-02	1.249076e-02
2.350000e-02	1.898601e-03
2.400000e-02	1.380506e-03
2.450000e-02	7.432930e-04
2.500000e-02	6.236384e-05
