#############################################################
# spectrum_name: 25Mo-Mo0.03
# anode: Mo
# filter_material: Mo
# filter_thickness_mm: 0.03
# kvp: 25
# energy_mean_keV: 15.56
# kerma_SP_uGy_per_mAs: 99.55
# kerma_MC_Gy_per_photon: 6.50947e-13
# notes: 
#############################################################

3.500000e-03	1.912069e-19
4.000000e-03	3.686505e-14
4.500000e-03	1.005731e-10
5.000000e-03	2.086657e-08
5.500000e-03	8.939699e-07
6.000000e-03	1.292366e-05
6.500000e-03	9.124685e-05
7.000000e-03	3.911097e-04
7.500000e-03	1.154917e-03
8.000000e-03	2.580150e-03
8.500000e-03	5.082283e-03
9.000000e-03	8.332578e-03
9.500000e-03	1.246230e-02
1.000000e-02	1.721877e-02
1.050000e-02	2.199742e-02
1.100000e-02	2.678870e-02
1.150000e-02	3.120922e-02
1.200000e-02	3.507867e-02
1.250000e-02	3.840511e-02
1.300000e-02	4.119197e-02
1.350000e-02	4.315568e-02
1.400000e-02	4.454083e-02
1.450000e-02	4.541712e-02
1.500000e-02	4.588389e-02
1.550000e-02	4.560514e-02
1.600000e-02	4.517769e-02
1.650000e-02	4.424690e-02
1.700000e-02	4.300871e-02
1.750000e-02	2.041666e-01
1.800000e-02	3.942215e-02
1.850000e-02	3.723109e-02
1.900000e-02	3.500967e-02
1.950000e-02	6.121406e-02
2.000000e-02	3.728181e-03
2.050000e-02	3.350919e-03
2.100000e-02	3.078294e-03
2.150000e-02	2.858129e-03
2.200000e-02	2.632786e-03
2.250000e-02	2.398970e-03
2.300000e-02	2.103913e-03
2.350000e-02	1.738992e-03
2.400000e-02	1.275527e-03
2.450000e-02	6.970955e-04
2.500000e-02	5.937938e-05
