#############################################################
# spectrum_name: 28Mo-Rh0.025
# anode: Mo
# filter_material: Rh
# filter_thickness_mm: 0.025
# kvp: 28
# energy_mean_keV: 17.18
# kerma_SP_uGy_per_mAs: 110.96
# kerma_MC_Gy_per_photon: 5.46730e-13
# notes: 
#############################################################

3.500000e-03	1.807435e-23
4.000000e-03	3.532482e-17
4.500000e-03	5.538996e-13
5.000000e-03	3.593657e-10
5.500000e-03	3.454770e-08
6.000000e-03	8.949998e-07
6.500000e-03	1.003861e-05
7.000000e-03	6.105536e-05
7.500000e-03	2.441277e-04
8.000000e-03	7.078566e-04
8.500000e-03	1.588010e-03
9.000000e-03	3.034353e-03
9.500000e-03	5.105201e-03
1.000000e-02	7.805604e-03
1.050000e-02	1.079803e-02
1.100000e-02	1.407499e-02
1.150000e-02	1.745389e-02
1.200000e-02	2.067135e-02
1.250000e-02	2.367675e-02
1.300000e-02	2.638034e-02
1.350000e-02	2.869355e-02
1.400000e-02	3.065886e-02
1.450000e-02	3.215864e-02
1.500000e-02	3.323169e-02
1.550000e-02	3.403567e-02
1.600000e-02	3.453899e-02
1.650000e-02	3.471381e-02
1.700000e-02	3.456510e-02
1.750000e-02	2.542268e-01
1.800000e-02	3.355273e-02
1.850000e-02	3.269007e-02
1.900000e-02	3.171649e-02
1.950000e-02	7.076055e-02
2.000000e-02	2.722510e-02
2.050000e-02	2.570916e-02
2.100000e-02	2.456832e-02
2.150000e-02	2.318581e-02
2.200000e-02	2.176218e-02
2.250000e-02	2.029733e-02
2.300000e-02	1.867498e-02
2.350000e-02	3.415379e-03
2.400000e-02	3.318419e-03
2.450000e-02	3.155758e-03
2.500000e-02	2.923965e-03
2.550000e-02	2.621273e-03
2.600000e-02	2.240126e-03
2.650000e-02	1.779408e-03
2.700000e-02	1.259021e-03
2.750000e-02	6.521949e-04
2.800000e-02	5.609124e-05
