#############################################################
# spectrum_name: 28Mo-Mo0.03
# anode: Mo
# filter_material: Mo
# filter_thickness_mm: 0.03
# kvp: 28
# energy_mean_keV: 16.13
# kerma_SP_uGy_per_mAs: 136.14
# kerma_MC_Gy_per_photon: 6.14142e-13
# notes: 
#############################################################

3.500000e-03	1.209384e-19
4.000000e-03	2.366203e-14
4.500000e-03	6.619612e-11
5.000000e-03	1.415198e-08
5.500000e-03	6.245185e-07
6.000000e-03	9.273032e-06
6.500000e-03	6.698923e-05
7.000000e-03	2.927738e-04
7.500000e-03	8.784499e-04
8.000000e-03	1.989844e-03
8.500000e-03	3.964392e-03
9.000000e-03	6.561986e-03
9.500000e-03	9.895487e-03
1.000000e-02	1.376678e-02
1.050000e-02	1.770171e-02
1.100000e-02	2.168295e-02
1.150000e-02	2.538496e-02
1.200000e-02	2.868430e-02
1.250000e-02	3.157049e-02
1.300000e-02	3.403558e-02
1.350000e-02	3.584965e-02
1.400000e-02	3.722836e-02
1.450000e-02	3.820398e-02
1.500000e-02	3.887605e-02
1.550000e-02	3.898611e-02
1.600000e-02	3.898284e-02
1.650000e-02	3.861759e-02
1.700000e-02	3.802568e-02
1.750000e-02	2.758062e-01
1.800000e-02	3.601182e-02
1.850000e-02	3.471817e-02
1.900000e-02	3.343456e-02
1.950000e-02	7.405643e-02
2.000000e-02	3.678227e-03
2.050000e-02	3.428469e-03
2.100000e-02	3.312493e-03
2.150000e-02	3.257531e-03
2.200000e-02	3.243908e-03
2.250000e-02	3.258536e-03
2.300000e-02	3.258793e-03
2.350000e-02	3.240847e-03
2.400000e-02	3.176444e-03
2.450000e-02	3.066147e-03
2.500000e-02	2.884250e-03
2.550000e-02	2.641432e-03
2.600000e-02	2.299354e-03
2.650000e-02	1.866606e-03
2.700000e-02	1.337658e-03
2.750000e-02	7.040704e-04
2.800000e-02	6.116450e-05
