#############################################################
# spectrum_name: 28Mo-Rh0.03
# anode: Mo
# filter_material: Rh
# filter_thickness_mm: 0.03
# kvp: 28
# energy_mean_keV: 17.47
# kerma_SP_uGy_per_mAs: 87.11
# kerma_MC_Gy_per_photon: 5.25832e-13
# notes: 
#############################################################

3.500000e-03	8.811981e-28
4.000000e-03	2.990192e-20
4.500000e-03	3.130803e-15
5.000000e-03	7.247642e-12
5.500000e-03	1.713262e-09
6.000000e-03	8.462258e-08
6.500000e-03	1.540041e-06
7.000000e-03	1.350748e-05
7.500000e-03	7.185050e-05
8.000000e-03	2.604778e-04
8.500000e-03	6.952370e-04
9.000000e-03	1.532237e-03
9.500000e-03	2.900509e-03
1.000000e-02	4.897587e-03
1.050000e-02	7.335260e-03
1.100000e-02	1.023039e-02
1.150000e-02	1.343995e-02
1.200000e-02	1.670680e-02
1.250000e-02	1.994812e-02
1.300000e-02	2.304043e-02
1.350000e-02	2.585055e-02
1.400000e-02	2.838545e-02
1.450000e-02	3.048453e-02
1.500000e-02	3.215337e-02
1.550000e-02	3.355011e-02
1.600000e-02	3.462146e-02
1.650000e-02	3.531863e-02
1.700000e-02	3.562875e-02
1.750000e-02	2.651566e-01
1.800000e-02	3.536652e-02
1.850000e-02	3.477921e-02
1.900000e-02	3.403774e-02
1.950000e-02	7.650708e-02
2.000000e-02	2.965601e-02
2.050000e-02	2.817902e-02
2.100000e-02	2.709626e-02
2.150000e-02	2.569878e-02
2.200000e-02	2.424089e-02
2.250000e-02	2.272172e-02
2.300000e-02	2.098355e-02
2.350000e-02	2.794817e-03
2.400000e-02	2.769941e-03
2.450000e-02	2.683646e-03
2.500000e-02	2.530107e-03
2.550000e-02	2.305079e-03
2.600000e-02	2.000709e-03
2.650000e-02	1.611072e-03
2.700000e-02	1.155585e-03
2.750000e-02	6.060866e-04
2.800000e-02	5.274401e-05
