#############################################################
# spectrum_name: 30Mo-Rh0.025
# anode: Mo
# filter_material: Rh
# filter_thickness_mm: 0.025
# kvp: 30
# energy_mean_keV: 17.46
# kerma_SP_uGy_per_mAs: 134.75
# kerma_MC_Gy_per_photon: 5.32802e-13
# notes: 
#############################################################

3.500000e-03	1.377995e-23
4.000000e-03	2.708756e-17
4.500000e-03	4.299108e-13
5.000000e-03	2.835369e-10
5.500000e-03	2.773032e-08
6.000000e-03	7.302793e-07
6.500000e-03	8.312646e-06
7.000000e-03	5.120586e-05
7.500000e-03	2.069858e-04
8.000000e-03	6.054294e-04
8.500000e-03	1.368569e-03
9.000000e-03	2.632492e-03
9.500000e-03	4.452824e-03
1.000000e-02	6.841903e-03
1.050000e-02	9.503219e-03
1.100000e-02	1.242753e-02
1.150000e-02	1.546372e-02
1.200000e-02	1.837237e-02
1.250000e-02	2.109206e-02
1.300000e-02	2.356318e-02
1.350000e-02	2.569542e-02
1.400000e-02	2.753565e-02
1.450000e-02	2.896202e-02
1.500000e-02	3.002121e-02
1.550000e-02	3.085448e-02
1.600000e-02	3.143373e-02
1.650000e-02	3.173108e-02
1.700000e-02	3.172395e-02
1.750000e-02	2.839622e-01
1.800000e-02	3.115341e-02
1.850000e-02	3.056110e-02
1.900000e-02	2.987838e-02
1.950000e-02	7.522762e-02
2.000000e-02	2.566693e-02
2.050000e-02	2.442494e-02
2.100000e-02	2.371037e-02
2.150000e-02	2.278471e-02
2.200000e-02	2.179733e-02
2.250000e-02	2.078602e-02
2.300000e-02	1.962884e-02
2.350000e-02	3.704564e-03
2.400000e-02	3.750243e-03
2.450000e-02	3.741796e-03
2.500000e-02	3.673247e-03
2.550000e-02	3.563331e-03
2.600000e-02	3.385540e-03
2.650000e-02	3.140485e-03
2.700000e-02	2.858693e-03
2.750000e-02	2.505820e-03
2.800000e-02	2.106318e-03
2.850000e-02	1.661665e-03
2.900000e-02	1.151747e-03
2.950000e-02	5.856660e-04
3.000000e-02	4.090415e-05
