#############################################################
# spectrum_name: 30Mo-Mo0.03
# anode: Mo
# filter_material: Mo
# filter_thickness_mm: 0.03
# kvp: 30
# energy_mean_keV: 16.48
# kerma_SP_uGy_per_mAs: 163.15
# kerma_MC_Gy_per_photon: 5.88967e-13
# notes: 
#############################################################

3.500000e-03	9.278147e-20
4.000000e-03	1.825813e-14
4.500000e-03	5.170011e-11
5.000000e-03	1.123575e-08
5.500000e-03	5.044228e-07
6.000000e-03	7.613773e-06
6.500000e-03	5.581909e-05
7.000000e-03	2.470812e-04
7.500000e-03	7.494687e-04
8.000000e-03	1.712571e-03
8.500000e-03	3.437957e-03
9.000000e-03	5.728568e-03
9.500000e-03	8.685038e-03
1.000000e-02	1.214271e-02
1.050000e-02	1.567667e-02
1.100000e-02	1.926490e-02
1.150000e-02	2.263132e-02
1.200000e-02	2.565373e-02
1.250000e-02	2.830014e-02
1.300000e-02	3.059131e-02
1.350000e-02	3.230501e-02
1.400000e-02	3.364552e-02
1.450000e-02	3.462182e-02
1.500000e-02	3.534033e-02
1.550000e-02	3.556369e-02
1.600000e-02	3.570025e-02
1.650000e-02	3.552048e-02
1.700000e-02	3.511885e-02
1.750000e-02	3.099967e-01
1.800000e-02	3.364608e-02
1.850000e-02	3.266025e-02
1.900000e-02	3.169425e-02
1.950000e-02	7.922467e-02
2.000000e-02	3.489437e-03
2.050000e-02	3.277642e-03
2.100000e-02	3.216846e-03
2.150000e-02	3.221204e-03
2.200000e-02	3.269505e-03
2.250000e-02	3.357893e-03
2.300000e-02	3.446693e-03
2.350000e-02	3.537288e-03
2.400000e-02	3.612264e-03
2.450000e-02	3.658319e-03
2.500000e-02	3.646048e-03
2.550000e-02	3.613218e-03
2.600000e-02	3.496826e-03
2.650000e-02	3.315017e-03
2.700000e-02	3.056269e-03
2.750000e-02	2.722096e-03
2.800000e-02	2.311226e-03
2.850000e-02	1.841919e-03
2.900000e-02	1.286117e-03
2.950000e-02	6.548830e-04
3.000000e-02	4.594299e-05
