#############################################################
# spectrum_name: 30W-Rh0.025
# anode: W
# filter_material: Rh
# filter_thickness_mm: 0.025
# kvp: 30
# energy_mean_keV: 17.21
# kerma_SP_uGy_per_mAs: 204.8
# kerma_MC_Gy_per_photon: 5.71093e-13
# notes: 
#############################################################

3.500000e-03	2.057656e-23
4.000000e-03	4.069003e-17
4.500000e-03	6.474582e-13
5.000000e-03	4.272225e-10
5.500000e-03	4.177953e-08
6.000000e-03	1.099453e-06
6.500000e-03	1.250602e-05
7.000000e-03	7.700729e-05
7.500000e-03	3.112014e-04
8.000000e-03	9.103853e-04
8.500000e-03	1.367393e-02
9.000000e-03	3.962097e-03
9.500000e-03	2.457257e-02
1.000000e-02	3.385248e-02
1.050000e-02	1.047296e-02
1.100000e-02	1.418957e-02
1.150000e-02	3.465893e-02
1.200000e-02	1.905555e-02
1.250000e-02	2.147911e-02
1.300000e-02	2.498798e-02
1.350000e-02	2.825680e-02
1.400000e-02	3.126874e-02
1.450000e-02	3.387444e-02
1.500000e-02	3.604939e-02
1.550000e-02	3.793046e-02
1.600000e-02	3.946606e-02
1.650000e-02	4.061182e-02
1.700000e-02	4.133389e-02
1.750000e-02	4.173862e-02
1.800000e-02	4.181578e-02
1.850000e-02	4.156070e-02
1.900000e-02	4.110288e-02
1.950000e-02	4.031763e-02
2.000000e-02	3.946155e-02
2.050000e-02	3.829263e-02
2.100000e-02	3.705919e-02
2.150000e-02	3.553713e-02
2.200000e-02	3.396258e-02
2.250000e-02	3.233358e-02
2.300000e-02	3.045792e-02
2.350000e-02	5.740262e-03
2.400000e-02	5.797324e-03
2.450000e-02	5.778239e-03
2.500000e-02	5.676011e-03
2.550000e-02	5.485332e-03
2.600000e-02	5.218851e-03
2.650000e-02	4.841810e-03
2.700000e-02	4.399660e-03
2.750000e-02	3.862096e-03
2.800000e-02	3.243841e-03
2.850000e-02	2.545798e-03
2.900000e-02	1.764629e-03
2.950000e-02	9.173759e-04
3.000000e-02	7.956005e-05
